start=3.377127
volume=95.000000
