start=2810.912000
volume=105.000000
sid=1
