start=7716.834125
speed=1.250000
volume=115.000000
