start=1295.211000
speed=1.500000
