start=647.960000
speed=1.500000
fullscreen=no
