start=2930.991000
speed=1.500000
volume=60.000000
sid=1
