start=3812.767292
speed=1.250000
