start=1273.105000
speed=1.250000
