start=1350.099000
speed=1.000000
pause=yes
aid=2
