start=632.040000
speed=2.000000
volume=105.000000
