start=2934.369000
speed=1.250000
volume=75.000000
sid=1
