start=2645.205000
volume=110.000000
sid=1
