start=1351.058000
speed=1.000000
volume=90.000000
aid=2
sid=1
