start=1295.961000
speed=1.500000
volume=70.000000
