start=768.680000
speed=1.500000
