start=1297.213000
volume=130.000000
