start=2788.098000
speed=1.000000
sid=2
