start=1291.165000
volume=130.000000
