start=1294.418000
speed=1.500000
