start=3096.615000
volume=90.000000
sid=1
