start=1291.957000
speed=1.000000
