start=3354.247000
speed=1.250000
volume=80.000000
sid=1
