start=1334.833000
speed=1.000000
pause=yes
volume=60.000000
aid=3
sid=1
