start=700.560000
speed=1.500000
fullscreen=no
