start=1350.641000
speed=1.000000
aid=2
