start=1315.320000
speed=1.500000
