start=1252.793000
speed=1.250000
volume=83.000000
