start=1368.033000
speed=1.000000
aid=2
sid=1
