start=2813.749000
speed=1.500000
sid=1
