start=8672.080083
speed=1.500000
volume=65.000000
fullscreen=no
