start=5758.107000
speed=1.000000
volume=95.000000
sid=5
