start=1280.237000
speed=1.500000
volume=130.000000
