start=1408.950000
speed=1.000000
sid=no
