start=1349.974000
speed=1.000000
volume=70.000000
aid=2
sid=1
