start=1349.556000
speed=1.000000
aid=3
