start=269.060458
volume=80.000000
