start=3584.644000
speed=1.500000
sid=1
