start=1284.658000
speed=1.500000
