start=1351.308000
speed=1.000000
volume=60.000000
aid=2
