start=2692.252000
speed=1.500000
sid=1
