start=1386.593000
speed=1.000000
volume=60.000000
aid=2
