start=1397.147000
speed=1.000000
