start=1398.648000
speed=1.000000
