start=7459.618833
speed=2.000000
volume=40.000000
gamma=7
