start=1363.779000
speed=1.500000
volume=105.000000
